20201217154322
20201217154324
20201217154326
20201217154328
20201217154330
20201217154332
20201217154334
20201217154336
20201217154338
20201217154340
20201217154342
20201217154344
20201217154346
20201217154348
20201217154350
20201217154352
20201217154354
20201217154356
20201217154358
20201217154400
20201217154402
20201217154404
20201217154406
20201217154408
20201217154410
20201217154412
20201217154414
20201217154416
20201217154418
20201217154420
20201217154422
20201217154424
20201217154426
20201217154428
20201217154430
20201217154432
20201217154434
20201217154436
20201217154438
20201217154440
20201217154442
20201217154444
20201217154446
20201217154448
20201217154450
20201217154452
20201217154454
20201217154456
20201217154458
20201217154500
20201217154502
20201217154504
20201217154506
20201217154508
20201217154510
20201217154512
20201217154514
20201217154516
20201217154518
20201217154520
20201217154522
20201217154524
20201217154526
20201217154528
20201217154530
20201217154532
20201217154534
20201217154536
20201217154538
20201217154540
20201217154542
20201217154544
20201217154546
20201217154548
20201217154550
20201217154552
20201217154554
20201217154556
20201217154558
20201217154600
20201217154602
20201217154604
20201217154606
20201217154608
20201217154610
20201217154612
20201217154615
20201217154617
20201217154620
20201217154622
20201217154623
20201217154625
20201217154627
20201217154629
20201217154631
20201217154633
20201217154635
20201217154637
20201217154640
20201217154642
20201217154643
20201217154645
20201217154647
20201217154650
20201217154652
20201217154653
20201217154656
20201217154657
20201217154659
20201217154701
20201217154703
20201217154705
20201217154707
20201217154709
20201217154711
20201217154713
20201217154715
20201217154717
20201217154720
20201217154721
20201217154723
20201217154726
20201217154727
20201217154729
20201217154732
20201217154734
20201217154736
20201217154738
20201217154740
20201217154742
20201217154744
20201217154746
20201217154748
20201217154750
20201217154752
20201217154754
20201217154756
20201217154758
20201217154800
20201217154802
20201217154804
20201217154806
20201217154808
20201217154810
20201217154812
20201217154814
20201217154816
20201217154818
20201217154820
20201217154822
20201217154824
20201217154826
20201217154828
20201217154830
20201217154832
20201217154834
20201217154836
20201217154838
20201217154840
20201217154842
20201217154844
20201217154846
20201217154848
20201217154850
20201217154852
20201217154854
20201217154856
20201217154858
20201217154900
20201217154902
20201217154904
20201217154906
20201217154908
20201217154910
20201217154912
20201217154914
20201217154916
20201217154918
20201217154920
20201217154922
20201217154924
20201217154926
20201217154928
20201217154930
20201217154932
20201217154934
20201217154936
20201217154938
20201217154940
20201217154942
20201217154944
20201217154946
20201217154948
20201217154950
20201217154952
20201217154954
20201217154956
20201217154958
20201217155000
20201217155002
20201217155004
20201217155006
20201217155008
20201217155010
20201217155012
20201217155014
20201217155016
20201217155018
20201217155020
20201217155022
20201217155024
20201217155026
20201217155028
20201217155030
20201217155032
20201217155034
20201217155036
20201217155038
20201217155040
20201217155042
20201217155045
20201217155047
20201217155048
20201217155050
20201217155052
20201217155054
20201217155057
20201217155059
20201217155101
20201217155102
20201217155105
20201217155107
20201217155109
20201217155111
20201217155113
20201217155115
20201217155117
20201217155119
20201217155121
20201217155123
20201217155125
20201217155127
20201217155129
20201217155131
20201217155133
20201217155135
20201217155137
20201217155139
20201217155141
20201217155143
20201217155145
20201217155147
20201217155149
20201217155151
20201217155153
20201217155155
20201217155157
20201217155159
20201217155201
20201217155203
20201217155205
20201217155207
20201217155209
20201217155211
20201217155213
20201217155215
20201217155217
20201217155219
20201217155221
20201217155223
20201217155225
20201217155227
20201217155229
20201217155231
20201217155233
20201217155235
20201217155237
20201217155239
20201217155241
20201217155243
20201217155245
20201217155247
20201217155249
20201217155251
20201217155253
20201217155255
20201217155257
20201217155259
20201217155301
20201217155303
20201217155305
20201217155307
20201217155309
20201217155311
20201217155313
20201217155315
20201217155317
20201217155319
20201217155321
20201217155323
20201217155325
20201217155327
20201217155329
20201217155331
20201217155333
20201217155335
20201217155337
20201217155339
20201217155341
20201217155343
20201217155345
20201217155347
20201217155349
20201217155351
20201217155353
20201217155355
20201217155357
20201217155359
20201217155401
20201217155403
20201217155405
20201217155407
20201217155409
20201217155411
20201217155413
20201217155416
20201217155419
20201217155420
20201217155422
20201217155424
20201217155426
20201217155428
20201217155430
20201217155432
20201217155434
20201217155436
20201217155440
20201217155441
20201217155443
20201217155445
20201217155447
20201217155449
20201217155451
20201217155453
20201217155455
20201217155457
20201217155459
20201217155501
20201217155503
20201217155505
